   7,   29,   50,   71,   92,  113,  134,  155, 
 177,  200,  223,  246,  269,  292,  315,  337, 
 359,  382,  406,  431,  456,  481,  505,  527, 
 549,  572,  596,  622,  649,  675,  699,  721, 
 743,  766,  790,  816,  843,  869,  893,  915, 
 937,  960,  984, 1009, 1034, 1059, 1083, 1105, 
1127, 1150, 1173, 1196, 1219, 1242, 1265, 1287, 
  -1,   -1,   -1,   -1,   -1,   -1,   -1,   -1, 

   9,   31,   53,   74,   95,  116,  137,  157, 
 179,  202,  226,  249,  272,  295,  318,  339, 
 361,  384,  409,  434,  459,  484,  508,  529, 
 551,  574,  599,  625,  652,  678,  702,  723, 
 745,  768,  793,  819,  846,  872,  896,  917, 
 939,  962,  987, 1012, 1037, 1062, 1086, 1107, 
  -1,   -1,   -1,   -1,   -1,   -1,   -1,   -1, 
  -1,   -1,   -1,   -1,   -1,   -1,   -1,   -1, 

  11,   33,   55,   77,   98,  119,  139,  159, 
 181,  204,  228,  252,  275,  298,  320,  341, 
 363,  386,  411,  437,  462,  487,  510,  531, 
 553,  576,  601,  628,  655,  681,  704,  725, 
 747,  770,  795,  822,  849,  875,  898,  919, 
  -1,   -1,   -1,   -1,   -1,   -1,   -1,   -1, 
  -1,   -1,   -1,   -1,   -1,   -1,   -1,   -1, 
  -1,   -1,   -1,   -1,   -1,   -1,   -1,   -1, 

  13,   35,   57,   79,  101,  121,  141,  161, 
 183,  206,  230,  254,  278,  300,  322,  343, 
 365,  388,  413,  439,  465,  489,  512,  533, 
 555,  578,  603,  630,  658,  683,  706,  727, 
  -1,   -1,   -1,   -1,   -1,   -1,   -1,   -1, 
  -1,   -1,   -1,   -1,   -1,   -1,   -1,   -1, 
  -1,   -1,   -1,   -1,   -1,   -1,   -1,   -1, 
  -1,   -1,   -1,   -1,   -1,   -1,   -1,   -1, 

  15,   37,   59,   81,  102,  123,  143,  163, 
 185,  208,  232,  256,  279,  302,  324,  345, 
 367,  390,  415,  441,  466,  491,  514,  535, 
  -1,   -1,   -1,   -1,   -1,   -1,   -1,   -1, 
  -1,   -1,   -1,   -1,   -1,   -1,   -1,   -1, 
  -1,   -1,   -1,   -1,   -1,   -1,   -1,   -1, 
  -1,   -1,   -1,   -1,   -1,   -1,   -1,   -1, 
  -1,   -1,   -1,   -1,   -1,   -1,   -1,   -1, 

  17,   39,   61,   82,  103,  124,  145,  165, 
 187,  210,  234,  257,  280,  303,  326,  347, 
  -1,   -1,   -1,   -1,   -1,   -1,   -1,   -1, 
  -1,   -1,   -1,   -1,   -1,   -1,   -1,   -1, 
  -1,   -1,   -1,   -1,   -1,   -1,   -1,   -1, 
  -1,   -1,   -1,   -1,   -1,   -1,   -1,   -1, 
  -1,   -1,   -1,   -1,   -1,   -1,   -1,   -1, 
  -1,   -1,   -1,   -1,   -1,   -1,   -1,   -1, 

  19,   41,   62,   83,  104,  125,  146,  167, 
  -1,   -1,   -1,   -1,   -1,   -1,   -1,   -1, 
  -1,   -1,   -1,   -1,   -1,   -1,   -1,   -1, 
  -1,   -1,   -1,   -1,   -1,   -1,   -1,   -1, 
  -1,   -1,   -1,   -1,   -1,   -1,   -1,   -1, 
  -1,   -1,   -1,   -1,   -1,   -1,   -1,   -1, 
  -1,   -1,   -1,   -1,   -1,   -1,   -1,   -1, 
  -1,   -1,   -1,   -1,   -1,   -1,   -1,   -1, 

   8,   30,   51,   72,   93,  114,  135,   -1, 
 178,  201,  224,  247,  270,  293,  316,   -1, 
 360,  383,  407,  432,  457,  482,  506,   -1, 
 550,  573,  597,  623,  650,  676,  700,   -1, 
 744,  767,  791,  817,  844,  870,  894,   -1, 
 938,  961,  985, 1010, 1035, 1060, 1084,   -1, 
1128, 1151, 1174, 1197, 1220, 1243, 1266,   -1, 
  -1,   -1,   -1,   -1,   -1,   -1,   -1,   -1, 

  10,   32,   54,   75,   96,  117,   -1,   -1, 
 180,  203,  227,  250,  273,  296,   -1,   -1, 
 362,  385,  410,  435,  460,  485,   -1,   -1, 
 552,  575,  600,  626,  653,  679,   -1,   -1, 
 746,  769,  794,  820,  847,  873,   -1,   -1, 
 940,  963,  988, 1013, 1038, 1063,   -1,   -1, 
  -1,   -1,   -1,   -1,   -1,   -1,   -1,   -1, 
  -1,   -1,   -1,   -1,   -1,   -1,   -1,   -1, 

  12,   34,   56,   78,   99,   -1,   -1,   -1, 
 182,  205,  229,  253,  276,   -1,   -1,   -1, 
 364,  387,  412,  438,  463,   -1,   -1,   -1, 
 554,  577,  602,  629,  656,   -1,   -1,   -1, 
 748,  771,  796,  823,  850,   -1,   -1,   -1, 
  -1,   -1,   -1,   -1,   -1,   -1,   -1,   -1, 
  -1,   -1,   -1,   -1,   -1,   -1,   -1,   -1, 
  -1,   -1,   -1,   -1,   -1,   -1,   -1,   -1, 

  14,   36,   58,   80,   -1,   -1,   -1,   -1, 
 184,  207,  231,  255,   -1,   -1,   -1,   -1, 
 366,  389,  414,  440,   -1,   -1,   -1,   -1, 
 556,  579,  604,  631,   -1,   -1,   -1,   -1, 
  -1,   -1,   -1,   -1,   -1,   -1,   -1,   -1, 
  -1,   -1,   -1,   -1,   -1,   -1,   -1,   -1, 
  -1,   -1,   -1,   -1,   -1,   -1,   -1,   -1, 
  -1,   -1,   -1,   -1,   -1,   -1,   -1,   -1, 

  16,   38,   60,   -1,   -1,   -1,   -1,   -1, 
 186,  209,  233,   -1,   -1,   -1,   -1,   -1, 
 368,  391,  416,   -1,   -1,   -1,   -1,   -1, 
  -1,   -1,   -1,   -1,   -1,   -1,   -1,   -1, 
  -1,   -1,   -1,   -1,   -1,   -1,   -1,   -1, 
  -1,   -1,   -1,   -1,   -1,   -1,   -1,   -1, 
  -1,   -1,   -1,   -1,   -1,   -1,   -1,   -1, 
  -1,   -1,   -1,   -1,   -1,   -1,   -1,   -1, 

  18,   40,   -1,   -1,   -1,   -1,   -1,   -1, 
 188,  211,   -1,   -1,   -1,   -1,   -1,   -1, 
  -1,   -1,   -1,   -1,   -1,   -1,   -1,   -1, 
  -1,   -1,   -1,   -1,   -1,   -1,   -1,   -1, 
  -1,   -1,   -1,   -1,   -1,   -1,   -1,   -1, 
  -1,   -1,   -1,   -1,   -1,   -1,   -1,   -1, 
  -1,   -1,   -1,   -1,   -1,   -1,   -1,   -1, 
  -1,   -1,   -1,   -1,   -1,   -1,   -1,   -1, 

  20,   -1,   -1,   -1,   -1,   -1,   -1,   -1, 
  -1,   -1,   -1,   -1,   -1,   -1,   -1,   -1, 
  -1,   -1,   -1,   -1,   -1,   -1,   -1,   -1, 
  -1,   -1,   -1,   -1,   -1,   -1,   -1,   -1, 
  -1,   -1,   -1,   -1,   -1,   -1,   -1,   -1, 
  -1,   -1,   -1,   -1,   -1,   -1,   -1,   -1, 
  -1,   -1,   -1,   -1,   -1,   -1,   -1,   -1, 
  -1,   -1,   -1,   -1,   -1,   -1,   -1,   -1, 

   0,   22,   44,   66,   88,  110,  132,   -1, 
 170,  193,  217,  241,  265,  289,  313,   -1, 
 352,  375,  400,  426,  452,  478,  503,   -1, 
 542,  565,  590,  617,  645,  672,  697,   -1, 
 736,  759,  784,  811,  839,  866,  891,   -1, 
 930,  953,  978, 1004, 1030, 1056, 1081,   -1, 
1120, 1143, 1167, 1191, 1215, 1239, 1263,   -1, 
1302, 1324, 1346, 1368, 1390, 1412, 1434,   -1, 

   1,   23,   45,   67,   89,  111,   -1,   -1, 
 171,  194,  218,  242,  266,  290,   -1,   -1, 
 353,  376,  401,  427,  453,  479,   -1,   -1, 
 543,  566,  591,  618,  646,  673,   -1,   -1, 
 737,  760,  785,  812,  840,  867,   -1,   -1, 
 931,  954,  979, 1005, 1031, 1057,   -1,   -1, 
1121, 1144, 1168, 1192, 1216, 1240,   -1,   -1, 
1303, 1325, 1347, 1369, 1391, 1413,   -1,   -1, 

   2,   24,   46,   68,   90,   -1,   -1,   -1, 
 172,  195,  219,  243,  267,   -1,   -1,   -1, 
 354,  377,  402,  428,  454,   -1,   -1,   -1, 
 544,  567,  592,  619,  647,   -1,   -1,   -1, 
 738,  761,  786,  813,  841,   -1,   -1,   -1, 
 932,  955,  980, 1006, 1032,   -1,   -1,   -1, 
1122, 1145, 1169, 1193, 1217,   -1,   -1,   -1, 
1304, 1326, 1348, 1370, 1392,   -1,   -1,   -1, 

   3,   25,   47,   69,   -1,   -1,   -1,   -1, 
 173,  196,  220,  244,   -1,   -1,   -1,   -1, 
 355,  378,  403,  429,   -1,   -1,   -1,   -1, 
 545,  568,  593,  620,   -1,   -1,   -1,   -1, 
 739,  762,  787,  814,   -1,   -1,   -1,   -1, 
 933,  956,  981, 1007,   -1,   -1,   -1,   -1, 
1123, 1146, 1170, 1194,   -1,   -1,   -1,   -1, 
1305, 1327, 1349, 1371,   -1,   -1,   -1,   -1, 

   4,   26,   48,   -1,   -1,   -1,   -1,   -1, 
 174,  197,  221,   -1,   -1,   -1,   -1,   -1, 
 356,  379,  404,   -1,   -1,   -1,   -1,   -1, 
 546,  569,  594,   -1,   -1,   -1,   -1,   -1, 
 740,  763,  788,   -1,   -1,   -1,   -1,   -1, 
 934,  957,  982,   -1,   -1,   -1,   -1,   -1, 
1124, 1147, 1171,   -1,   -1,   -1,   -1,   -1, 
1306, 1328, 1350,   -1,   -1,   -1,   -1,   -1, 

   5,   27,   -1,   -1,   -1,   -1,   -1,   -1, 
 175,  198,   -1,   -1,   -1,   -1,   -1,   -1, 
 357,  380,   -1,   -1,   -1,   -1,   -1,   -1, 
 547,  570,   -1,   -1,   -1,   -1,   -1,   -1, 
 741,  764,   -1,   -1,   -1,   -1,   -1,   -1, 
 935,  958,   -1,   -1,   -1,   -1,   -1,   -1, 
1125, 1148,   -1,   -1,   -1,   -1,   -1,   -1, 
1307, 1329,   -1,   -1,   -1,   -1,   -1,   -1, 

   6,   -1,   -1,   -1,   -1,   -1,   -1,   -1, 
 176,   -1,   -1,   -1,   -1,   -1,   -1,   -1, 
 358,   -1,   -1,   -1,   -1,   -1,   -1,   -1, 
 548,   -1,   -1,   -1,   -1,   -1,   -1,   -1, 
 742,   -1,   -1,   -1,   -1,   -1,   -1,   -1, 
 936,   -1,   -1,   -1,   -1,   -1,   -1,   -1, 
1126,   -1,   -1,   -1,   -1,   -1,   -1,   -1, 
1308,   -1,   -1,   -1,   -1,   -1,   -1,   -1, 

  -1,   -1,   -1,   -1,   -1,   -1,   -1,   -1, 
 169,  191,  214,  237,  260,  283,  306,   -1, 
 351,  373,  397,  422,  447,  472,  496,   -1, 
 541,  563,  587,  613,  640,  666,  690,   -1, 
 735,  757,  781,  807,  834,  860,  884,   -1, 
 929,  951,  975, 1000, 1025, 1050, 1074,   -1, 
1119, 1141, 1164, 1187, 1210, 1233, 1256,   -1, 
1301, 1322, 1343, 1364, 1385, 1406, 1427,   -1, 

  -1,   -1,   -1,   -1,   -1,   -1,   -1,   -1, 
  -1,   -1,   -1,   -1,   -1,   -1,   -1,   -1, 
 349,  370,  394,  419,  444,  469,   -1,   -1, 
 539,  560,  584,  610,  637,  663,   -1,   -1, 
 733,  754,  778,  804,  831,  857,   -1,   -1, 
 927,  948,  972,  997, 1022, 1047,   -1,   -1, 
1117, 1138, 1161, 1184, 1207, 1230,   -1,   -1, 
1299, 1319, 1340, 1361, 1382, 1403,   -1,   -1, 

  -1,   -1,   -1,   -1,   -1,   -1,   -1,   -1, 
  -1,   -1,   -1,   -1,   -1,   -1,   -1,   -1, 
  -1,   -1,   -1,   -1,   -1,   -1,   -1,   -1, 
 537,  558,  581,  607,  634,   -1,   -1,   -1, 
 731,  752,  775,  801,  828,   -1,   -1,   -1, 
 925,  946,  969,  994, 1019,   -1,   -1,   -1, 
1115, 1136, 1158, 1181, 1204,   -1,   -1,   -1, 
1297, 1317, 1337, 1358, 1379,   -1,   -1,   -1, 

  -1,   -1,   -1,   -1,   -1,   -1,   -1,   -1, 
  -1,   -1,   -1,   -1,   -1,   -1,   -1,   -1, 
  -1,   -1,   -1,   -1,   -1,   -1,   -1,   -1, 
  -1,   -1,   -1,   -1,   -1,   -1,   -1,   -1, 
 729,  750,  773,  798,   -1,   -1,   -1,   -1, 
 923,  944,  967,  991,   -1,   -1,   -1,   -1, 
1113, 1134, 1156, 1178,   -1,   -1,   -1,   -1, 
1295, 1315, 1335, 1355,   -1,   -1,   -1,   -1, 

  -1,   -1,   -1,   -1,   -1,   -1,   -1,   -1, 
  -1,   -1,   -1,   -1,   -1,   -1,   -1,   -1, 
  -1,   -1,   -1,   -1,   -1,   -1,   -1,   -1, 
  -1,   -1,   -1,   -1,   -1,   -1,   -1,   -1, 
  -1,   -1,   -1,   -1,   -1,   -1,   -1,   -1, 
 921,  942,  965,   -1,   -1,   -1,   -1,   -1, 
1111, 1132, 1154,   -1,   -1,   -1,   -1,   -1, 
1293, 1313, 1333,   -1,   -1,   -1,   -1,   -1, 

  -1,   -1,   -1,   -1,   -1,   -1,   -1,   -1, 
  -1,   -1,   -1,   -1,   -1,   -1,   -1,   -1, 
  -1,   -1,   -1,   -1,   -1,   -1,   -1,   -1, 
  -1,   -1,   -1,   -1,   -1,   -1,   -1,   -1, 
  -1,   -1,   -1,   -1,   -1,   -1,   -1,   -1, 
  -1,   -1,   -1,   -1,   -1,   -1,   -1,   -1, 
1109, 1130,   -1,   -1,   -1,   -1,   -1,   -1, 
1291, 1311,   -1,   -1,   -1,   -1,   -1,   -1, 

  -1,   -1,   -1,   -1,   -1,   -1,   -1,   -1, 
  -1,   -1,   -1,   -1,   -1,   -1,   -1,   -1, 
  -1,   -1,   -1,   -1,   -1,   -1,   -1,   -1, 
  -1,   -1,   -1,   -1,   -1,   -1,   -1,   -1, 
  -1,   -1,   -1,   -1,   -1,   -1,   -1,   -1, 
  -1,   -1,   -1,   -1,   -1,   -1,   -1,   -1, 
  -1,   -1,   -1,   -1,   -1,   -1,   -1,   -1, 
1289,   -1,   -1,   -1,   -1,   -1,   -1,   -1, 

  -1,   -1,   -1,   -1,   -1,   -1,   -1,   -1, 
 168,  190,  213,  236,  259,  282,  305,  328, 
 350,  372,  396,  421,  446,  471,  495,  518, 
 540,  562,  586,  612,  639,  665,  689,  712, 
 734,  756,  780,  806,  833,  859,  883,  906, 
 928,  950,  974,  999, 1024, 1049, 1073, 1096, 
1118, 1140, 1163, 1186, 1209, 1232, 1255, 1278, 
1300, 1321, 1342, 1363, 1384, 1405, 1426, 1448, 

  -1,   -1,   -1,   -1,   -1,   -1,   -1,   -1, 
  -1,   -1,   -1,   -1,   -1,   -1,   -1,   -1, 
 348,  369,  393,  418,  443,  468,  493,  516, 
 538,  559,  583,  609,  636,  662,  687,  710, 
 732,  753,  777,  803,  830,  856,  881,  904, 
 926,  947,  971,  996, 1021, 1046, 1071, 1094, 
1116, 1137, 1160, 1183, 1206, 1229, 1253, 1276, 
1298, 1318, 1339, 1360, 1381, 1402, 1424, 1446, 

  -1,   -1,   -1,   -1,   -1,   -1,   -1,   -1, 
  -1,   -1,   -1,   -1,   -1,   -1,   -1,   -1, 
  -1,   -1,   -1,   -1,   -1,   -1,   -1,   -1, 
 536,  557,  580,  606,  633,  660,  685,  708, 
 730,  751,  774,  800,  827,  854,  879,  902, 
 924,  945,  968,  993, 1018, 1044, 1069, 1092, 
1114, 1135, 1157, 1180, 1203, 1227, 1251, 1274, 
1296, 1316, 1336, 1357, 1378, 1400, 1422, 1444, 

  -1,   -1,   -1,   -1,   -1,   -1,   -1,   -1, 
  -1,   -1,   -1,   -1,   -1,   -1,   -1,   -1, 
  -1,   -1,   -1,   -1,   -1,   -1,   -1,   -1, 
  -1,   -1,   -1,   -1,   -1,   -1,   -1,   -1, 
 728,  749,  772,  797,  825,  852,  877,  900, 
 922,  943,  966,  990, 1016, 1042, 1067, 1090, 
1112, 1133, 1155, 1177, 1201, 1225, 1249, 1272, 
1294, 1314, 1334, 1354, 1376, 1398, 1420, 1442, 

  -1,   -1,   -1,   -1,   -1,   -1,   -1,   -1, 
  -1,   -1,   -1,   -1,   -1,   -1,   -1,   -1, 
  -1,   -1,   -1,   -1,   -1,   -1,   -1,   -1, 
  -1,   -1,   -1,   -1,   -1,   -1,   -1,   -1, 
  -1,   -1,   -1,   -1,   -1,   -1,   -1,   -1, 
 920,  941,  964,  989, 1014, 1040, 1065, 1088, 
1110, 1131, 1153, 1176, 1199, 1223, 1247, 1270, 
1292, 1312, 1332, 1353, 1374, 1396, 1418, 1440, 

  -1,   -1,   -1,   -1,   -1,   -1,   -1,   -1, 
  -1,   -1,   -1,   -1,   -1,   -1,   -1,   -1, 
  -1,   -1,   -1,   -1,   -1,   -1,   -1,   -1, 
  -1,   -1,   -1,   -1,   -1,   -1,   -1,   -1, 
  -1,   -1,   -1,   -1,   -1,   -1,   -1,   -1, 
  -1,   -1,   -1,   -1,   -1,   -1,   -1,   -1, 
1108, 1129, 1152, 1175, 1198, 1221, 1245, 1268, 
1290, 1310, 1331, 1352, 1373, 1394, 1416, 1438, 

  -1,   -1,   -1,   -1,   -1,   -1,   -1,   -1, 
  -1,   -1,   -1,   -1,   -1,   -1,   -1,   -1, 
  -1,   -1,   -1,   -1,   -1,   -1,   -1,   -1, 
  -1,   -1,   -1,   -1,   -1,   -1,   -1,   -1, 
  -1,   -1,   -1,   -1,   -1,   -1,   -1,   -1, 
  -1,   -1,   -1,   -1,   -1,   -1,   -1,   -1, 
  -1,   -1,   -1,   -1,   -1,   -1,   -1,   -1, 
1288, 1309, 1330, 1351, 1372, 1393, 1414, 1436, 

  -1,   -1,   -1,   -1,   -1,   -1,   -1,   -1, 
  -1,  189,  212,  235,  258,  281,  304,  327, 
  -1,  371,  395,  420,  445,  470,  494,  517, 
  -1,  561,  585,  611,  638,  664,  688,  711, 
  -1,  755,  779,  805,  832,  858,  882,  905, 
  -1,  949,  973,  998, 1023, 1048, 1072, 1095, 
  -1, 1139, 1162, 1185, 1208, 1231, 1254, 1277, 
  -1, 1320, 1341, 1362, 1383, 1404, 1425, 1447, 

  -1,   -1,   -1,   -1,   -1,   -1,   -1,   -1, 
  -1,   -1,   -1,   -1,   -1,   -1,   -1,   -1, 
  -1,   -1,  392,  417,  442,  467,  492,  515, 
  -1,   -1,  582,  608,  635,  661,  686,  709, 
  -1,   -1,  776,  802,  829,  855,  880,  903, 
  -1,   -1,  970,  995, 1020, 1045, 1070, 1093, 
  -1,   -1, 1159, 1182, 1205, 1228, 1252, 1275, 
  -1,   -1, 1338, 1359, 1380, 1401, 1423, 1445, 

  -1,   -1,   -1,   -1,   -1,   -1,   -1,   -1, 
  -1,   -1,   -1,   -1,   -1,   -1,   -1,   -1, 
  -1,   -1,   -1,   -1,   -1,   -1,   -1,   -1, 
  -1,   -1,   -1,  605,  632,  659,  684,  707, 
  -1,   -1,   -1,  799,  826,  853,  878,  901, 
  -1,   -1,   -1,  992, 1017, 1043, 1068, 1091, 
  -1,   -1,   -1, 1179, 1202, 1226, 1250, 1273, 
  -1,   -1,   -1, 1356, 1377, 1399, 1421, 1443, 

  -1,   -1,   -1,   -1,   -1,   -1,   -1,   -1, 
  -1,   -1,   -1,   -1,   -1,   -1,   -1,   -1, 
  -1,   -1,   -1,   -1,   -1,   -1,   -1,   -1, 
  -1,   -1,   -1,   -1,   -1,   -1,   -1,   -1, 
  -1,   -1,   -1,   -1,  824,  851,  876,  899, 
  -1,   -1,   -1,   -1, 1015, 1041, 1066, 1089, 
  -1,   -1,   -1,   -1, 1200, 1224, 1248, 1271, 
  -1,   -1,   -1,   -1, 1375, 1397, 1419, 1441, 

  -1,   -1,   -1,   -1,   -1,   -1,   -1,   -1, 
  -1,   -1,   -1,   -1,   -1,   -1,   -1,   -1, 
  -1,   -1,   -1,   -1,   -1,   -1,   -1,   -1, 
  -1,   -1,   -1,   -1,   -1,   -1,   -1,   -1, 
  -1,   -1,   -1,   -1,   -1,   -1,   -1,   -1, 
  -1,   -1,   -1,   -1,   -1, 1039, 1064, 1087, 
  -1,   -1,   -1,   -1,   -1, 1222, 1246, 1269, 
  -1,   -1,   -1,   -1,   -1, 1395, 1417, 1439, 

  -1,   -1,   -1,   -1,   -1,   -1,   -1,   -1, 
  -1,   -1,   -1,   -1,   -1,   -1,   -1,   -1, 
  -1,   -1,   -1,   -1,   -1,   -1,   -1,   -1, 
  -1,   -1,   -1,   -1,   -1,   -1,   -1,   -1, 
  -1,   -1,   -1,   -1,   -1,   -1,   -1,   -1, 
  -1,   -1,   -1,   -1,   -1,   -1,   -1,   -1, 
  -1,   -1,   -1,   -1,   -1,   -1, 1244, 1267, 
  -1,   -1,   -1,   -1,   -1,   -1, 1415, 1437, 

  -1,   -1,   -1,   -1,   -1,   -1,   -1,   -1, 
  -1,   -1,   -1,   -1,   -1,   -1,   -1,   -1, 
  -1,   -1,   -1,   -1,   -1,   -1,   -1,   -1, 
  -1,   -1,   -1,   -1,   -1,   -1,   -1,   -1, 
  -1,   -1,   -1,   -1,   -1,   -1,   -1,   -1, 
  -1,   -1,   -1,   -1,   -1,   -1,   -1,   -1, 
  -1,   -1,   -1,   -1,   -1,   -1,   -1,   -1, 
  -1,   -1,   -1,   -1,   -1,   -1,   -1, 1435, 

  -1,   21,   43,   65,   87,  109,  131,  153, 
  -1,  192,  216,  240,  264,  288,  312,  335, 
  -1,  374,  399,  425,  451,  477,  502,  525, 
  -1,  564,  589,  616,  644,  671,  696,  719, 
  -1,  758,  783,  810,  838,  865,  890,  913, 
  -1,  952,  977, 1003, 1029, 1055, 1080, 1103, 
  -1, 1142, 1166, 1190, 1214, 1238, 1262, 1285, 
  -1, 1323, 1345, 1367, 1389, 1411, 1433, 1455, 

  -1,   -1,   42,   64,   86,  108,  130,  152, 
  -1,   -1,  215,  239,  263,  287,  311,  334, 
  -1,   -1,  398,  424,  450,  476,  501,  524, 
  -1,   -1,  588,  615,  643,  670,  695,  718, 
  -1,   -1,  782,  809,  837,  864,  889,  912, 
  -1,   -1,  976, 1002, 1028, 1054, 1079, 1102, 
  -1,   -1, 1165, 1189, 1213, 1237, 1261, 1284, 
  -1,   -1, 1344, 1366, 1388, 1410, 1432, 1454, 

  -1,   -1,   -1,   63,   85,  107,  129,  151, 
  -1,   -1,   -1,  238,  262,  286,  310,  333, 
  -1,   -1,   -1,  423,  449,  475,  500,  523, 
  -1,   -1,   -1,  614,  642,  669,  694,  717, 
  -1,   -1,   -1,  808,  836,  863,  888,  911, 
  -1,   -1,   -1, 1001, 1027, 1053, 1078, 1101, 
  -1,   -1,   -1, 1188, 1212, 1236, 1260, 1283, 
  -1,   -1,   -1, 1365, 1387, 1409, 1431, 1453, 

  -1,   -1,   -1,   -1,   84,  106,  128,  150, 
  -1,   -1,   -1,   -1,  261,  285,  309,  332, 
  -1,   -1,   -1,   -1,  448,  474,  499,  522, 
  -1,   -1,   -1,   -1,  641,  668,  693,  716, 
  -1,   -1,   -1,   -1,  835,  862,  887,  910, 
  -1,   -1,   -1,   -1, 1026, 1052, 1077, 1100, 
  -1,   -1,   -1,   -1, 1211, 1235, 1259, 1282, 
  -1,   -1,   -1,   -1, 1386, 1408, 1430, 1452, 

  -1,   -1,   -1,   -1,   -1,  105,  127,  149, 
  -1,   -1,   -1,   -1,   -1,  284,  308,  331, 
  -1,   -1,   -1,   -1,   -1,  473,  498,  521, 
  -1,   -1,   -1,   -1,   -1,  667,  692,  715, 
  -1,   -1,   -1,   -1,   -1,  861,  886,  909, 
  -1,   -1,   -1,   -1,   -1, 1051, 1076, 1099, 
  -1,   -1,   -1,   -1,   -1, 1234, 1258, 1281, 
  -1,   -1,   -1,   -1,   -1, 1407, 1429, 1451, 

  -1,   -1,   -1,   -1,   -1,   -1,  126,  148, 
  -1,   -1,   -1,   -1,   -1,   -1,  307,  330, 
  -1,   -1,   -1,   -1,   -1,   -1,  497,  520, 
  -1,   -1,   -1,   -1,   -1,   -1,  691,  714, 
  -1,   -1,   -1,   -1,   -1,   -1,  885,  908, 
  -1,   -1,   -1,   -1,   -1,   -1, 1075, 1098, 
  -1,   -1,   -1,   -1,   -1,   -1, 1257, 1280, 
  -1,   -1,   -1,   -1,   -1,   -1, 1428, 1450, 

  -1,   -1,   -1,   -1,   -1,   -1,   -1,  147, 
  -1,   -1,   -1,   -1,   -1,   -1,   -1,  329, 
  -1,   -1,   -1,   -1,   -1,   -1,   -1,  519, 
  -1,   -1,   -1,   -1,   -1,   -1,   -1,  713, 
  -1,   -1,   -1,   -1,   -1,   -1,   -1,  907, 
  -1,   -1,   -1,   -1,   -1,   -1,   -1, 1097, 
  -1,   -1,   -1,   -1,   -1,   -1,   -1, 1279, 
  -1,   -1,   -1,   -1,   -1,   -1,   -1, 1449, 

  -1,   28,   49,   70,   91,  112,  133,  154, 
  -1,  199,  222,  245,  268,  291,  314,  336, 
  -1,  381,  405,  430,  455,  480,  504,  526, 
  -1,  571,  595,  621,  648,  674,  698,  720, 
  -1,  765,  789,  815,  842,  868,  892,  914, 
  -1,  959,  983, 1008, 1033, 1058, 1082, 1104, 
  -1, 1149, 1172, 1195, 1218, 1241, 1264, 1286, 
  -1,   -1,   -1,   -1,   -1,   -1,   -1,   -1, 

  -1,   -1,   52,   73,   94,  115,  136,  156, 
  -1,   -1,  225,  248,  271,  294,  317,  338, 
  -1,   -1,  408,  433,  458,  483,  507,  528, 
  -1,   -1,  598,  624,  651,  677,  701,  722, 
  -1,   -1,  792,  818,  845,  871,  895,  916, 
  -1,   -1,  986, 1011, 1036, 1061, 1085, 1106, 
  -1,   -1,   -1,   -1,   -1,   -1,   -1,   -1, 
  -1,   -1,   -1,   -1,   -1,   -1,   -1,   -1, 

  -1,   -1,   -1,   76,   97,  118,  138,  158, 
  -1,   -1,   -1,  251,  274,  297,  319,  340, 
  -1,   -1,   -1,  436,  461,  486,  509,  530, 
  -1,   -1,   -1,  627,  654,  680,  703,  724, 
  -1,   -1,   -1,  821,  848,  874,  897,  918, 
  -1,   -1,   -1,   -1,   -1,   -1,   -1,   -1, 
  -1,   -1,   -1,   -1,   -1,   -1,   -1,   -1, 
  -1,   -1,   -1,   -1,   -1,   -1,   -1,   -1, 

  -1,   -1,   -1,   -1,  100,  120,  140,  160, 
  -1,   -1,   -1,   -1,  277,  299,  321,  342, 
  -1,   -1,   -1,   -1,  464,  488,  511,  532, 
  -1,   -1,   -1,   -1,  657,  682,  705,  726, 
  -1,   -1,   -1,   -1,   -1,   -1,   -1,   -1, 
  -1,   -1,   -1,   -1,   -1,   -1,   -1,   -1, 
  -1,   -1,   -1,   -1,   -1,   -1,   -1,   -1, 
  -1,   -1,   -1,   -1,   -1,   -1,   -1,   -1, 

  -1,   -1,   -1,   -1,   -1,  122,  142,  162, 
  -1,   -1,   -1,   -1,   -1,  301,  323,  344, 
  -1,   -1,   -1,   -1,   -1,  490,  513,  534, 
  -1,   -1,   -1,   -1,   -1,   -1,   -1,   -1, 
  -1,   -1,   -1,   -1,   -1,   -1,   -1,   -1, 
  -1,   -1,   -1,   -1,   -1,   -1,   -1,   -1, 
  -1,   -1,   -1,   -1,   -1,   -1,   -1,   -1, 
  -1,   -1,   -1,   -1,   -1,   -1,   -1,   -1, 

  -1,   -1,   -1,   -1,   -1,   -1,  144,  164, 
  -1,   -1,   -1,   -1,   -1,   -1,  325,  346, 
  -1,   -1,   -1,   -1,   -1,   -1,   -1,   -1, 
  -1,   -1,   -1,   -1,   -1,   -1,   -1,   -1, 
  -1,   -1,   -1,   -1,   -1,   -1,   -1,   -1, 
  -1,   -1,   -1,   -1,   -1,   -1,   -1,   -1, 
  -1,   -1,   -1,   -1,   -1,   -1,   -1,   -1, 
  -1,   -1,   -1,   -1,   -1,   -1,   -1,   -1, 

  -1,   -1,   -1,   -1,   -1,   -1,   -1,  166, 
  -1,   -1,   -1,   -1,   -1,   -1,   -1,   -1, 
  -1,   -1,   -1,   -1,   -1,   -1,   -1,   -1, 
  -1,   -1,   -1,   -1,   -1,   -1,   -1,   -1, 
  -1,   -1,   -1,   -1,   -1,   -1,   -1,   -1, 
  -1,   -1,   -1,   -1,   -1,   -1,   -1,   -1, 
  -1,   -1,   -1,   -1,   -1,   -1,   -1,   -1, 
  -1,   -1,   -1,   -1,   -1,   -1,   -1,   -1, 

1457, 1460, 1464, 1468, 1472, 1476, 1479,   -1, 
1484, 1488, 1494, 1500, 1506, 1512, 1516,   -1, 
1523, 1529, 1537, 1545, 1553, 1561, 1567,   -1, 
1575, 1581, 1589, 1597, 1605, 1613, 1619,   -1, 
1627, 1633, 1641, 1649, 1657, 1665, 1671,   -1, 
1679, 1685, 1693, 1701, 1709, 1717, 1723,   -1, 
  -1,   -1,   -1,   -1,   -1,   -1,   -1,   -1, 
  -1,   -1,   -1,   -1,   -1,   -1,   -1,   -1, 

1456, 1458, 1462, 1466, 1470, 1474,   -1,   -1, 
1483, 1486, 1492, 1498, 1504, 1510,   -1,   -1, 
1522, 1527, 1535, 1543, 1551, 1559,   -1,   -1, 
1574, 1579, 1587, 1595, 1603, 1611,   -1,   -1, 
1626, 1631, 1639, 1647, 1655, 1663,   -1,   -1, 
1678, 1683, 1691, 1699, 1707, 1715,   -1,   -1, 
1730, 1734, 1740, 1746, 1752, 1758,   -1,   -1, 
  -1,   -1,   -1,   -1,   -1,   -1,   -1,   -1, 

  -1,   -1,   -1,   -1,   -1,   -1,   -1,   -1, 
1482, 1485, 1490, 1496, 1502, 1508,   -1,   -1, 
1521, 1526, 1533, 1541, 1549, 1557,   -1,   -1, 
1573, 1578, 1585, 1593, 1601, 1609,   -1,   -1, 
1625, 1630, 1637, 1645, 1653, 1661,   -1,   -1, 
1677, 1682, 1689, 1697, 1705, 1713,   -1,   -1, 
1729, 1733, 1738, 1744, 1750, 1756,   -1,   -1, 
1767, 1770, 1774, 1778, 1782, 1786,   -1,   -1, 

  -1,   -1,   -1,   -1,   -1,   -1,   -1,   -1, 
  -1,   -1,   -1,   -1,   -1,   -1,   -1,   -1, 
1520, 1525, 1531, 1539, 1547, 1555, 1563,   -1, 
1572, 1577, 1583, 1591, 1599, 1607, 1615,   -1, 
1624, 1629, 1635, 1643, 1651, 1659, 1667,   -1, 
1676, 1681, 1687, 1695, 1703, 1711, 1719,   -1, 
1728, 1732, 1736, 1742, 1748, 1754, 1760,   -1, 
1766, 1769, 1772, 1776, 1780, 1784, 1788,   -1, 

  -1,   -1,   -1,   -1,   -1,   -1,   -1,   -1, 
  -1,   -1,   -1,   -1,   -1,   -1,   -1,   -1, 
  -1, 1524, 1530, 1538, 1546, 1554, 1562, 1568, 
  -1, 1576, 1582, 1590, 1598, 1606, 1614, 1620, 
  -1, 1628, 1634, 1642, 1650, 1658, 1666, 1672, 
  -1, 1680, 1686, 1694, 1702, 1710, 1718, 1724, 
  -1, 1731, 1735, 1741, 1747, 1753, 1759, 1763, 
  -1, 1768, 1771, 1775, 1779, 1783, 1787, 1790, 

  -1,   -1,   -1,   -1,   -1,   -1,   -1,   -1, 
  -1,   -1, 1489, 1495, 1501, 1507, 1513, 1517, 
  -1,   -1, 1532, 1540, 1548, 1556, 1564, 1569, 
  -1,   -1, 1584, 1592, 1600, 1608, 1616, 1621, 
  -1,   -1, 1636, 1644, 1652, 1660, 1668, 1673, 
  -1,   -1, 1688, 1696, 1704, 1712, 1720, 1725, 
  -1,   -1, 1737, 1743, 1749, 1755, 1761, 1764, 
  -1,   -1, 1773, 1777, 1781, 1785, 1789, 1791, 

  -1,   -1, 1461, 1465, 1469, 1473, 1477, 1480, 
  -1,   -1, 1491, 1497, 1503, 1509, 1514, 1518, 
  -1,   -1, 1534, 1542, 1550, 1558, 1565, 1570, 
  -1,   -1, 1586, 1594, 1602, 1610, 1617, 1622, 
  -1,   -1, 1638, 1646, 1654, 1662, 1669, 1674, 
  -1,   -1, 1690, 1698, 1706, 1714, 1721, 1726, 
  -1,   -1, 1739, 1745, 1751, 1757, 1762, 1765, 
  -1,   -1,   -1,   -1,   -1,   -1,   -1,   -1, 

  -1, 1459, 1463, 1467, 1471, 1475, 1478, 1481, 
  -1, 1487, 1493, 1499, 1505, 1511, 1515, 1519, 
  -1, 1528, 1536, 1544, 1552, 1560, 1566, 1571, 
  -1, 1580, 1588, 1596, 1604, 1612, 1618, 1623, 
  -1, 1632, 1640, 1648, 1656, 1664, 1670, 1675, 
  -1, 1684, 1692, 1700, 1708, 1716, 1722, 1727, 
  -1,   -1,   -1,   -1,   -1,   -1,   -1,   -1, 
  -1,   -1,   -1,   -1,   -1,   -1,   -1,   -1, 

  -1,   -1,   -1,   -1,   -1,   -1,   -1,   -1, 
  -1,   -1,   -1,   -1,   -1,   -1, 1799,   -1, 
  -1,   -1,   -1,   -1,   -1,   -1, 1808,   -1, 
  -1,   -1,   -1,   -1,   -1,   -1, 1817,   -1, 
  -1,   -1,   -1,   -1,   -1,   -1, 1826,   -1, 
  -1,   -1,   -1,   -1,   -1,   -1, 1835,   -1, 
  -1,   -1,   -1,   -1,   -1,   -1, 1844,   -1, 
  -1,   -1,   -1,   -1,   -1,   -1, 1853,   -1, 

  -1,   -1,   -1,   -1,   -1,   -1,   -1,   -1, 
  -1,   -1,   -1,   -1,   -1,   -1, 1798,   -1, 
  -1,   -1,   -1,   -1,   -1,   -1, 1807,   -1, 
  -1,   -1,   -1,   -1,   -1,   -1, 1816,   -1, 
  -1,   -1,   -1,   -1,   -1,   -1, 1825,   -1, 
  -1,   -1,   -1,   -1,   -1,   -1, 1834,   -1, 
  -1,   -1,   -1,   -1,   -1,   -1, 1843,   -1, 
  -1,   -1,   -1,   -1,   -1,   -1, 1852,   -1, 

  -1,   -1,   -1,   -1,   -1,   -1,   -1,   -1, 
  -1,   -1,   -1,   -1,   -1,   -1, 1800,   -1, 
  -1,   -1,   -1,   -1,   -1,   -1, 1809,   -1, 
  -1,   -1,   -1,   -1,   -1,   -1, 1818,   -1, 
  -1,   -1,   -1,   -1,   -1,   -1, 1827,   -1, 
  -1,   -1,   -1,   -1,   -1,   -1, 1836,   -1, 
  -1,   -1,   -1,   -1,   -1,   -1, 1845,   -1, 
  -1,   -1,   -1,   -1,   -1,   -1, 1854,   -1, 

  -1,   -1,   -1,   -1,   -1,   -1, 1793,   -1, 
  -1,   -1,   -1,   -1,   -1,   -1, 1802,   -1, 
  -1,   -1,   -1,   -1,   -1,   -1, 1811,   -1, 
  -1,   -1,   -1,   -1,   -1,   -1, 1820,   -1, 
  -1,   -1,   -1,   -1,   -1,   -1, 1829,   -1, 
  -1,   -1,   -1,   -1,   -1,   -1, 1838,   -1, 
  -1,   -1,   -1,   -1,   -1,   -1, 1847,   -1, 
  -1,   -1,   -1,   -1,   -1,   -1, 1856,   -1, 

  -1,   -1,   -1,   -1,   -1,   -1, 1792,   -1, 
  -1,   -1,   -1,   -1,   -1,   -1, 1801,   -1, 
  -1,   -1,   -1,   -1,   -1,   -1, 1810,   -1, 
  -1,   -1,   -1,   -1,   -1,   -1, 1819,   -1, 
  -1,   -1,   -1,   -1,   -1,   -1, 1828,   -1, 
  -1,   -1,   -1,   -1,   -1,   -1, 1837,   -1, 
  -1,   -1,   -1,   -1,   -1,   -1, 1846,   -1, 
  -1,   -1,   -1,   -1,   -1,   -1, 1855,   -1, 

  -1,   -1,   -1,   -1,   -1,   -1, 1794,   -1, 
  -1,   -1,   -1,   -1,   -1,   -1, 1803,   -1, 
  -1,   -1,   -1,   -1,   -1,   -1, 1812,   -1, 
  -1,   -1,   -1,   -1,   -1,   -1, 1821,   -1, 
  -1,   -1,   -1,   -1,   -1,   -1, 1830,   -1, 
  -1,   -1,   -1,   -1,   -1,   -1, 1839,   -1, 
  -1,   -1,   -1,   -1,   -1,   -1, 1848,   -1, 
  -1,   -1,   -1,   -1,   -1,   -1, 1857,   -1, 

  -1,   -1,   -1,   -1,   -1,   -1, 1796,   -1, 
  -1,   -1,   -1,   -1,   -1,   -1, 1805,   -1, 
  -1,   -1,   -1,   -1,   -1,   -1, 1814,   -1, 
  -1,   -1,   -1,   -1,   -1,   -1, 1823,   -1, 
  -1,   -1,   -1,   -1,   -1,   -1, 1832,   -1, 
  -1,   -1,   -1,   -1,   -1,   -1, 1841,   -1, 
  -1,   -1,   -1,   -1,   -1,   -1, 1850,   -1, 
  -1,   -1,   -1,   -1,   -1,   -1,   -1,   -1, 

  -1,   -1,   -1,   -1,   -1,   -1, 1795,   -1, 
  -1,   -1,   -1,   -1,   -1,   -1, 1804,   -1, 
  -1,   -1,   -1,   -1,   -1,   -1, 1813,   -1, 
  -1,   -1,   -1,   -1,   -1,   -1, 1822,   -1, 
  -1,   -1,   -1,   -1,   -1,   -1, 1831,   -1, 
  -1,   -1,   -1,   -1,   -1,   -1, 1840,   -1, 
  -1,   -1,   -1,   -1,   -1,   -1, 1849,   -1, 
  -1,   -1,   -1,   -1,   -1,   -1,   -1,   -1, 

  -1,   -1,   -1,   -1,   -1,   -1, 1797,   -1, 
  -1,   -1,   -1,   -1,   -1,   -1, 1806,   -1, 
  -1,   -1,   -1,   -1,   -1,   -1, 1815,   -1, 
  -1,   -1,   -1,   -1,   -1,   -1, 1824,   -1, 
  -1,   -1,   -1,   -1,   -1,   -1, 1833,   -1, 
  -1,   -1,   -1,   -1,   -1,   -1, 1842,   -1, 
  -1,   -1,   -1,   -1,   -1,   -1, 1851,   -1, 
  -1,   -1,   -1,   -1,   -1,   -1,   -1,   -1, 

